Asassin_03__WALK_009.png, 0, 0, 120, 100, 0, 0, 0, 0
Asassin_03__WALK_008.png, 120, 0, 120, 100, 0, 0, 0, 0
Asassin_03__WALK_007.png, 240, 0, 120, 100, 0, 0, 0, 0
Asassin_03__WALK_006.png, 360, 0, 120, 100, 0, 0, 0, 0
Asassin_03__WALK_005.png, 480, 0, 120, 100, 0, 0, 0, 0
Asassin_03__WALK_004.png, 600, 0, 120, 100, 0, 0, 0, 0
Asassin_03__WALK_003.png, 720, 0, 120, 100, 0, 0, 0, 0
Asassin_03__WALK_002.png, 840, 0, 120, 100, 0, 0, 0, 0
Asassin_03__WALK_001.png, 0, 100, 120, 100, 0, 0, 0, 0
Asassin_03__WALK_000.png, 0, 200, 120, 100, 0, 0, 0, 0
Asassin_03__RUN_009.png, 0, 300, 120, 100, 0, 0, 0, 0
Asassin_03__RUN_008.png, 0, 400, 120, 100, 0, 0, 0, 0
Asassin_03__RUN_007.png, 0, 500, 120, 100, 0, 0, 0, 0
Asassin_03__RUN_006.png, 0, 600, 120, 100, 0, 0, 0, 0
Asassin_03__RUN_005.png, 0, 700, 120, 100, 0, 0, 0, 0
Asassin_03__RUN_004.png, 0, 800, 120, 100, 0, 0, 0, 0
Asassin_03__RUN_003.png, 0, 900, 120, 100, 0, 0, 0, 0
Asassin_03__RUN_002.png, 120, 100, 120, 100, 0, 0, 0, 0
Asassin_03__RUN_001.png, 240, 100, 120, 100, 0, 0, 0, 0
Asassin_03__RUN_000.png, 360, 100, 120, 100, 0, 0, 0, 0
Asassin_03__JUMP_009.png, 480, 100, 120, 100, 0, 0, 0, 0
Asassin_03__JUMP_008.png, 600, 100, 120, 100, 0, 0, 0, 0
Asassin_03__JUMP_007.png, 720, 100, 120, 100, 0, 0, 0, 0
Asassin_03__JUMP_006.png, 840, 100, 120, 100, 0, 0, 0, 0
Asassin_03__JUMP_005.png, 120, 200, 120, 100, 0, 0, 0, 0
Asassin_03__JUMP_004.png, 120, 300, 120, 100, 0, 0, 0, 0
Asassin_03__JUMP_003.png, 120, 400, 120, 100, 0, 0, 0, 0
Asassin_03__JUMP_002.png, 120, 500, 120, 100, 0, 0, 0, 0
Asassin_03__JUMP_001.png, 120, 600, 120, 100, 0, 0, 0, 0
Asassin_03__JUMP_000.png, 120, 700, 120, 100, 0, 0, 0, 0
Asassin_03__IDLE_009.png, 120, 800, 120, 100, 0, 0, 0, 0
Asassin_03__IDLE_008.png, 120, 900, 120, 100, 0, 0, 0, 0
Asassin_03__IDLE_007.png, 240, 200, 120, 100, 0, 0, 0, 0
Asassin_03__IDLE_006.png, 360, 200, 120, 100, 0, 0, 0, 0
Asassin_03__IDLE_005.png, 480, 200, 120, 100, 0, 0, 0, 0
Asassin_03__IDLE_004.png, 600, 200, 120, 100, 0, 0, 0, 0
Asassin_03__IDLE_003.png, 720, 200, 120, 100, 0, 0, 0, 0
Asassin_03__IDLE_002.png, 840, 200, 120, 100, 0, 0, 0, 0
Asassin_03__IDLE_001.png, 240, 300, 120, 100, 0, 0, 0, 0
Asassin_03__IDLE_000.png, 240, 400, 120, 100, 0, 0, 0, 0
Asassin_03__HURT_009.png, 240, 500, 120, 100, 0, 0, 0, 0
Asassin_03__HURT_008.png, 240, 600, 120, 100, 0, 0, 0, 0
Asassin_03__HURT_007.png, 240, 700, 120, 100, 0, 0, 0, 0
Asassin_03__HURT_006.png, 240, 800, 120, 100, 0, 0, 0, 0
Asassin_03__HURT_005.png, 240, 900, 120, 100, 0, 0, 0, 0
Asassin_03__HURT_004.png, 360, 300, 120, 100, 0, 0, 0, 0
Asassin_03__HURT_003.png, 480, 300, 120, 100, 0, 0, 0, 0
Asassin_03__HURT_002.png, 600, 300, 120, 100, 0, 0, 0, 0
Asassin_03__HURT_001.png, 720, 300, 120, 100, 0, 0, 0, 0
Asassin_03__HURT_000.png, 840, 300, 120, 100, 0, 0, 0, 0
Asassin_03__DIE_009.png, 360, 400, 120, 100, 0, 0, 0, 0
Asassin_03__DIE_008.png, 480, 400, 120, 100, 0, 0, 0, 0
Asassin_03__DIE_007.png, 600, 400, 120, 100, 0, 0, 0, 0
Asassin_03__DIE_006.png, 720, 400, 120, 100, 0, 0, 0, 0
Asassin_03__DIE_005.png, 840, 400, 120, 100, 0, 0, 0, 0
Asassin_03__DIE_004.png, 360, 500, 120, 100, 0, 0, 0, 0
Asassin_03__DIE_003.png, 360, 600, 120, 100, 0, 0, 0, 0
Asassin_03__DIE_002.png, 360, 700, 120, 100, 0, 0, 0, 0
Asassin_03__DIE_001.png, 360, 800, 120, 100, 0, 0, 0, 0
Asassin_03__DIE_000.png, 360, 900, 120, 100, 0, 0, 0, 0
Asassin_03__ATTACK_02_009.png, 480, 500, 120, 100, 0, 0, 0, 0
Asassin_03__ATTACK_02_008.png, 600, 500, 120, 100, 0, 0, 0, 0
Asassin_03__ATTACK_02_007.png, 720, 500, 120, 100, 0, 0, 0, 0
Asassin_03__ATTACK_02_006.png, 840, 500, 120, 100, 0, 0, 0, 0
Asassin_03__ATTACK_02_005.png, 480, 600, 120, 100, 0, 0, 0, 0
Asassin_03__ATTACK_02_004.png, 480, 700, 120, 100, 0, 0, 0, 0
Asassin_03__ATTACK_02_003.png, 480, 800, 120, 100, 0, 0, 0, 0
Asassin_03__ATTACK_02_002.png, 480, 900, 120, 100, 0, 0, 0, 0
Asassin_03__ATTACK_02_001.png, 600, 600, 120, 100, 0, 0, 0, 0
Asassin_03__ATTACK_02_000.png, 720, 600, 120, 100, 0, 0, 0, 0
Asassin_03__ATTACK_01_009.png, 840, 600, 120, 100, 0, 0, 0, 0
Asassin_03__ATTACK_01_008.png, 600, 700, 120, 100, 0, 0, 0, 0
Asassin_03__ATTACK_01_007.png, 600, 800, 120, 100, 0, 0, 0, 0
Asassin_03__ATTACK_01_006.png, 600, 900, 120, 100, 0, 0, 0, 0
Asassin_03__ATTACK_01_005.png, 720, 700, 120, 100, 0, 0, 0, 0
Asassin_03__ATTACK_01_004.png, 840, 700, 120, 100, 0, 0, 0, 0
Asassin_03__ATTACK_01_003.png, 720, 800, 120, 100, 0, 0, 0, 0
Asassin_03__ATTACK_01_002.png, 720, 900, 120, 100, 0, 0, 0, 0
Asassin_03__ATTACK_01_001.png, 840, 800, 120, 100, 0, 0, 0, 0
Asassin_03__ATTACK_01_000.png, 840, 900, 120, 100, 0, 0, 0, 0
