Animal_03__WALK_000.png, 0, 0, 100, 100, 0, 0, 0, 0
Archer_01__WALK_000.png, 0, 100, 100, 100, 0, 0, 0, 0
Asassin_01__WALK_000.png, 0, 200, 100, 100, 0, 0, 0, 0
Asassin_02__WALK_000.png, 0, 300, 100, 100, 0, 0, 0, 0
Asassin_03__WALK_000.png, 0, 400, 100, 100, 0, 0, 0, 0
Barbarian_01__WALK_000.png, 100, 0, 100, 100, 0, 0, 0, 0
Gladiator_03__WALK_000.png, 200, 0, 100, 100, 0, 0, 0, 0
Ninja_01__WALK_000.png, 300, 0, 100, 100, 0, 0, 0, 0
Ninja_02__WALK_000.png, 400, 0, 100, 100, 0, 0, 0, 0
Ninja_03__WALK_000.png, 100, 100, 100, 100, 0, 0, 0, 0
Samurai_01__WALK_000.png, 100, 200, 100, 100, 0, 0, 0, 0
Samurai_02__WALK_000.png, 100, 300, 100, 100, 0, 0, 0, 0
Samurai_02__WALK_000_BLUE.png, 100, 400, 100, 100, 0, 0, 0, 0
Samurai_03__WALK_000.png, 200, 100, 100, 100, 0, 0, 0, 0
Troll_03_1_WALK_000.png, 300, 100, 100, 100, 0, 0, 0, 0
