Troll_03_1_ATTACK_000.png, 0, 0, 100, 100, 0, 0, 0, 0
Troll_03_1_ATTACK_001.png, 0, 100, 100, 100, 0, 0, 0, 0
Troll_03_1_ATTACK_002.png, 0, 200, 100, 100, 0, 0, 0, 0
Troll_03_1_ATTACK_003.png, 0, 300, 100, 100, 0, 0, 0, 0
Troll_03_1_ATTACK_004.png, 0, 400, 100, 100, 0, 0, 0, 0
Troll_03_1_ATTACK_005.png, 0, 500, 100, 100, 0, 0, 0, 0
Troll_03_1_ATTACK_006.png, 0, 600, 100, 100, 0, 0, 0, 0
Troll_03_1_ATTACK_007.png, 0, 700, 100, 100, 0, 0, 0, 0
Troll_03_1_ATTACK_008.png, 0, 800, 100, 100, 0, 0, 0, 0
Troll_03_1_ATTACK_009.png, 0, 900, 100, 100, 0, 0, 0, 0
Troll_03_1_DIE_000.png, 100, 0, 100, 100, 0, 0, 0, 0
Troll_03_1_DIE_001.png, 200, 0, 100, 100, 0, 0, 0, 0
Troll_03_1_DIE_002.png, 300, 0, 100, 100, 0, 0, 0, 0
Troll_03_1_DIE_003.png, 400, 0, 100, 100, 0, 0, 0, 0
Troll_03_1_DIE_004.png, 500, 0, 100, 100, 0, 0, 0, 0
Troll_03_1_DIE_005.png, 600, 0, 100, 100, 0, 0, 0, 0
Troll_03_1_DIE_006.png, 700, 0, 100, 100, 0, 0, 0, 0
Troll_03_1_DIE_007.png, 800, 0, 100, 100, 0, 0, 0, 0
Troll_03_1_DIE_008.png, 900, 0, 100, 100, 0, 0, 0, 0
Troll_03_1_DIE_009.png, 100, 100, 100, 100, 0, 0, 0, 0
Troll_03_1_HURT_000.png, 100, 200, 100, 100, 0, 0, 0, 0
Troll_03_1_HURT_001.png, 100, 300, 100, 100, 0, 0, 0, 0
Troll_03_1_HURT_002.png, 100, 400, 100, 100, 0, 0, 0, 0
Troll_03_1_HURT_003.png, 100, 500, 100, 100, 0, 0, 0, 0
Troll_03_1_HURT_004.png, 100, 600, 100, 100, 0, 0, 0, 0
Troll_03_1_HURT_005.png, 100, 700, 100, 100, 0, 0, 0, 0
Troll_03_1_HURT_006.png, 100, 800, 100, 100, 0, 0, 0, 0
Troll_03_1_HURT_007.png, 100, 900, 100, 100, 0, 0, 0, 0
Troll_03_1_HURT_008.png, 200, 100, 100, 100, 0, 0, 0, 0
Troll_03_1_HURT_009.png, 300, 100, 100, 100, 0, 0, 0, 0
Troll_03_1_IDLE_000.png, 400, 100, 100, 100, 0, 0, 0, 0
Troll_03_1_IDLE_001.png, 500, 100, 100, 100, 0, 0, 0, 0
Troll_03_1_IDLE_002.png, 600, 100, 100, 100, 0, 0, 0, 0
Troll_03_1_IDLE_003.png, 700, 100, 100, 100, 0, 0, 0, 0
Troll_03_1_IDLE_004.png, 800, 100, 100, 100, 0, 0, 0, 0
Troll_03_1_IDLE_005.png, 900, 100, 100, 100, 0, 0, 0, 0
Troll_03_1_IDLE_006.png, 200, 200, 100, 100, 0, 0, 0, 0
Troll_03_1_IDLE_007.png, 200, 300, 100, 100, 0, 0, 0, 0
Troll_03_1_IDLE_008.png, 200, 400, 100, 100, 0, 0, 0, 0
Troll_03_1_IDLE_009.png, 200, 500, 100, 100, 0, 0, 0, 0
Troll_03_1_JUMP_000.png, 200, 600, 100, 100, 0, 0, 0, 0
Troll_03_1_JUMP_001.png, 200, 700, 100, 100, 0, 0, 0, 0
Troll_03_1_JUMP_002.png, 200, 800, 100, 100, 0, 0, 0, 0
Troll_03_1_JUMP_003.png, 200, 900, 100, 100, 0, 0, 0, 0
Troll_03_1_JUMP_004.png, 300, 200, 100, 100, 0, 0, 0, 0
Troll_03_1_JUMP_005.png, 400, 200, 100, 100, 0, 0, 0, 0
Troll_03_1_JUMP_006.png, 500, 200, 100, 100, 0, 0, 0, 0
Troll_03_1_JUMP_007.png, 600, 200, 100, 100, 0, 0, 0, 0
Troll_03_1_JUMP_008.png, 700, 200, 100, 100, 0, 0, 0, 0
Troll_03_1_JUMP_009.png, 800, 200, 100, 100, 0, 0, 0, 0
Troll_03_1_RUN_000.png, 900, 200, 100, 100, 0, 0, 0, 0
Troll_03_1_RUN_001.png, 300, 300, 100, 100, 0, 0, 0, 0
Troll_03_1_RUN_002.png, 300, 400, 100, 100, 0, 0, 0, 0
Troll_03_1_RUN_003.png, 300, 500, 100, 100, 0, 0, 0, 0
Troll_03_1_RUN_004.png, 300, 600, 100, 100, 0, 0, 0, 0
Troll_03_1_RUN_005.png, 300, 700, 100, 100, 0, 0, 0, 0
Troll_03_1_RUN_006.png, 300, 800, 100, 100, 0, 0, 0, 0
Troll_03_1_RUN_007.png, 300, 900, 100, 100, 0, 0, 0, 0
Troll_03_1_RUN_008.png, 400, 300, 100, 100, 0, 0, 0, 0
Troll_03_1_RUN_009.png, 500, 300, 100, 100, 0, 0, 0, 0
Troll_03_1_WALK_000.png, 600, 300, 100, 100, 0, 0, 0, 0
Troll_03_1_WALK_001.png, 700, 300, 100, 100, 0, 0, 0, 0
Troll_03_1_WALK_002.png, 800, 300, 100, 100, 0, 0, 0, 0
Troll_03_1_WALK_003.png, 900, 300, 100, 100, 0, 0, 0, 0
Troll_03_1_WALK_004.png, 400, 400, 100, 100, 0, 0, 0, 0
Troll_03_1_WALK_005.png, 400, 500, 100, 100, 0, 0, 0, 0
Troll_03_1_WALK_006.png, 400, 600, 100, 100, 0, 0, 0, 0
Troll_03_1_WALK_007.png, 400, 700, 100, 100, 0, 0, 0, 0
Troll_03_1_WALK_008.png, 400, 800, 100, 100, 0, 0, 0, 0
Troll_03_1_WALK_009.png, 400, 900, 100, 100, 0, 0, 0, 0
